1.640000000000000069e-01
2.399999999999999911e-01
3.360000000000000209e-01
3.840000000000000080e-01
4.079999999999999738e-01
4.440000000000000058e-01
4.640000000000000235e-01
4.839999999999999858e-01
5.000000000000000000e-01
5.240000000000000213e-01
5.400000000000000355e-01
5.679999999999999494e-01
5.799999999999999600e-01
5.919999999999999707e-01
5.999999999999999778e-01
6.280000000000000027e-01
6.360000000000000098e-01
6.480000000000000204e-01
6.480000000000000204e-01
6.560000000000000275e-01
6.720000000000000417e-01
6.919999999999999485e-01
7.079999999999999627e-01
7.119999999999999662e-01
7.199999999999999734e-01
7.279999999999999805e-01
7.399999999999999911e-01
7.600000000000000089e-01
7.640000000000000124e-01
7.760000000000000231e-01
7.800000000000000266e-01
7.840000000000000302e-01
7.880000000000000338e-01
7.920000000000000373e-01
8.000000000000000444e-01
8.040000000000000480e-01
8.120000000000000551e-01
8.159999999999999476e-01
8.159999999999999476e-01
8.199999999999999512e-01
8.279999999999999583e-01
8.319999999999999618e-01
8.319999999999999618e-01
8.319999999999999618e-01
8.519999999999999796e-01
8.559999999999999831e-01
8.599999999999999867e-01
8.679999999999999938e-01
8.760000000000000009e-01
8.800000000000000044e-01
8.840000000000000080e-01
8.880000000000000115e-01
8.880000000000000115e-01
8.880000000000000115e-01
8.960000000000000187e-01
9.040000000000000258e-01
9.040000000000000258e-01
9.080000000000000293e-01
9.240000000000000435e-01
9.240000000000000435e-01
9.240000000000000435e-01
9.240000000000000435e-01
9.320000000000000506e-01
9.320000000000000506e-01
9.360000000000000542e-01
9.360000000000000542e-01
9.360000000000000542e-01
9.439999999999999503e-01
9.439999999999999503e-01
9.439999999999999503e-01
9.479999999999999538e-01
9.519999999999999574e-01
9.519999999999999574e-01
9.599999999999999645e-01
9.599999999999999645e-01
9.679999999999999716e-01
9.719999999999999751e-01
9.719999999999999751e-01
9.759999999999999787e-01
9.759999999999999787e-01
9.799999999999999822e-01
9.799999999999999822e-01
9.839999999999999858e-01
9.839999999999999858e-01
9.839999999999999858e-01
9.839999999999999858e-01
9.879999999999999893e-01
9.879999999999999893e-01
9.919999999999999929e-01
9.919999999999999929e-01
9.919999999999999929e-01
9.919999999999999929e-01
9.919999999999999929e-01
9.959999999999999964e-01
9.959999999999999964e-01
9.959999999999999964e-01
9.959999999999999964e-01
1.000000000000000000e+00
1.000000000000000000e+00
