3.079999999999999960e-01
3.800000000000000044e-01
4.199999999999999845e-01
4.719999999999999751e-01
5.280000000000000249e-01
5.600000000000000533e-01
5.839999999999999636e-01
5.959999999999999742e-01
6.119999999999999885e-01
6.280000000000000027e-01
6.520000000000000240e-01
6.600000000000000311e-01
6.720000000000000417e-01
6.840000000000000524e-01
6.999999999999999556e-01
7.039999999999999591e-01
7.359999999999999876e-01
7.600000000000000089e-01
7.640000000000000124e-01
7.680000000000000160e-01
7.800000000000000266e-01
7.880000000000000338e-01
7.880000000000000338e-01
7.880000000000000338e-01
7.960000000000000409e-01
8.000000000000000444e-01
8.120000000000000551e-01
8.159999999999999476e-01
8.239999999999999547e-01
8.279999999999999583e-01
8.319999999999999618e-01
8.359999999999999654e-01
8.399999999999999689e-01
8.399999999999999689e-01
8.479999999999999760e-01
8.599999999999999867e-01
8.760000000000000009e-01
8.760000000000000009e-01
8.760000000000000009e-01
8.800000000000000044e-01
8.840000000000000080e-01
8.960000000000000187e-01
9.000000000000000222e-01
9.000000000000000222e-01
9.120000000000000329e-01
9.120000000000000329e-01
9.160000000000000364e-01
9.160000000000000364e-01
9.200000000000000400e-01
9.320000000000000506e-01
9.399999999999999467e-01
9.399999999999999467e-01
9.399999999999999467e-01
9.479999999999999538e-01
9.519999999999999574e-01
9.519999999999999574e-01
9.519999999999999574e-01
9.519999999999999574e-01
9.559999999999999609e-01
9.559999999999999609e-01
9.639999999999999680e-01
9.679999999999999716e-01
9.679999999999999716e-01
9.719999999999999751e-01
9.719999999999999751e-01
9.719999999999999751e-01
9.719999999999999751e-01
9.759999999999999787e-01
9.759999999999999787e-01
9.759999999999999787e-01
9.759999999999999787e-01
9.759999999999999787e-01
9.759999999999999787e-01
9.759999999999999787e-01
9.839999999999999858e-01
9.839999999999999858e-01
9.879999999999999893e-01
9.879999999999999893e-01
9.879999999999999893e-01
9.879999999999999893e-01
9.879999999999999893e-01
9.879999999999999893e-01
9.879999999999999893e-01
9.879999999999999893e-01
9.919999999999999929e-01
9.919999999999999929e-01
9.919999999999999929e-01
9.919999999999999929e-01
9.959999999999999964e-01
9.959999999999999964e-01
9.959999999999999964e-01
9.959999999999999964e-01
9.959999999999999964e-01
9.959999999999999964e-01
9.959999999999999964e-01
9.959999999999999964e-01
1.000000000000000000e+00
1.000000000000000000e+00
1.000000000000000000e+00
