3.039999999999999925e-01
3.599999999999999867e-01
4.159999999999999809e-01
4.799999999999999822e-01
5.160000000000000142e-01
5.560000000000000497e-01
5.839999999999999636e-01
6.159999999999999920e-01
6.360000000000000098e-01
6.560000000000000275e-01
6.760000000000000453e-01
6.919999999999999485e-01
6.959999999999999520e-01
7.039999999999999591e-01
7.319999999999999840e-01
7.439999999999999947e-01
7.479999999999999982e-01
7.640000000000000124e-01
7.760000000000000231e-01
7.920000000000000373e-01
8.040000000000000480e-01
8.199999999999999512e-01
8.279999999999999583e-01
8.319999999999999618e-01
8.559999999999999831e-01
8.639999999999999902e-01
8.760000000000000009e-01
8.840000000000000080e-01
8.920000000000000151e-01
9.000000000000000222e-01
9.040000000000000258e-01
9.080000000000000293e-01
9.080000000000000293e-01
9.120000000000000329e-01
9.160000000000000364e-01
9.200000000000000400e-01
9.240000000000000435e-01
9.280000000000000471e-01
9.280000000000000471e-01
9.280000000000000471e-01
9.320000000000000506e-01
9.320000000000000506e-01
9.320000000000000506e-01
9.320000000000000506e-01
9.320000000000000506e-01
9.320000000000000506e-01
9.360000000000000542e-01
9.399999999999999467e-01
9.399999999999999467e-01
9.399999999999999467e-01
9.439999999999999503e-01
9.439999999999999503e-01
9.439999999999999503e-01
9.439999999999999503e-01
9.439999999999999503e-01
9.479999999999999538e-01
9.519999999999999574e-01
9.559999999999999609e-01
9.559999999999999609e-01
9.559999999999999609e-01
9.599999999999999645e-01
9.639999999999999680e-01
9.679999999999999716e-01
9.719999999999999751e-01
9.759999999999999787e-01
9.799999999999999822e-01
9.799999999999999822e-01
9.799999999999999822e-01
9.799999999999999822e-01
9.799999999999999822e-01
9.799999999999999822e-01
9.799999999999999822e-01
9.839999999999999858e-01
9.879999999999999893e-01
9.879999999999999893e-01
9.879999999999999893e-01
9.879999999999999893e-01
9.879999999999999893e-01
9.879999999999999893e-01
9.879999999999999893e-01
9.879999999999999893e-01
9.919999999999999929e-01
9.959999999999999964e-01
9.959999999999999964e-01
9.959999999999999964e-01
9.959999999999999964e-01
9.959999999999999964e-01
9.959999999999999964e-01
9.959999999999999964e-01
9.959999999999999964e-01
9.959999999999999964e-01
9.959999999999999964e-01
9.959999999999999964e-01
1.000000000000000000e+00
1.000000000000000000e+00
1.000000000000000000e+00
1.000000000000000000e+00
1.000000000000000000e+00
1.000000000000000000e+00
