2.280000000000000082e-01
3.320000000000000173e-01
3.800000000000000044e-01
4.239999999999999880e-01
4.680000000000000271e-01
5.040000000000000036e-01
5.400000000000000355e-01
5.440000000000000391e-01
5.719999999999999529e-01
5.839999999999999636e-01
5.999999999999999778e-01
6.119999999999999885e-01
6.320000000000000062e-01
6.480000000000000204e-01
6.640000000000000346e-01
6.720000000000000417e-01
6.840000000000000524e-01
6.959999999999999520e-01
7.119999999999999662e-01
7.199999999999999734e-01
7.279999999999999805e-01
7.359999999999999876e-01
7.359999999999999876e-01
7.439999999999999947e-01
7.520000000000000018e-01
7.680000000000000160e-01
7.800000000000000266e-01
7.920000000000000373e-01
8.000000000000000444e-01
8.040000000000000480e-01
8.159999999999999476e-01
8.279999999999999583e-01
8.319999999999999618e-01
8.319999999999999618e-01
8.399999999999999689e-01
8.439999999999999725e-01
8.559999999999999831e-01
8.679999999999999938e-01
8.760000000000000009e-01
8.880000000000000115e-01
8.880000000000000115e-01
8.920000000000000151e-01
8.960000000000000187e-01
8.960000000000000187e-01
9.080000000000000293e-01
9.080000000000000293e-01
9.080000000000000293e-01
9.120000000000000329e-01
9.120000000000000329e-01
9.120000000000000329e-01
9.160000000000000364e-01
9.240000000000000435e-01
9.240000000000000435e-01
9.240000000000000435e-01
9.240000000000000435e-01
9.240000000000000435e-01
9.240000000000000435e-01
9.280000000000000471e-01
9.280000000000000471e-01
9.399999999999999467e-01
9.399999999999999467e-01
9.439999999999999503e-01
9.439999999999999503e-01
9.439999999999999503e-01
9.439999999999999503e-01
9.439999999999999503e-01
9.439999999999999503e-01
9.439999999999999503e-01
9.439999999999999503e-01
9.439999999999999503e-01
9.479999999999999538e-01
9.519999999999999574e-01
9.519999999999999574e-01
9.559999999999999609e-01
9.559999999999999609e-01
9.599999999999999645e-01
9.639999999999999680e-01
9.679999999999999716e-01
9.679999999999999716e-01
9.679999999999999716e-01
9.679999999999999716e-01
9.759999999999999787e-01
9.759999999999999787e-01
9.759999999999999787e-01
9.799999999999999822e-01
9.799999999999999822e-01
9.799999999999999822e-01
9.799999999999999822e-01
9.799999999999999822e-01
9.839999999999999858e-01
9.879999999999999893e-01
9.879999999999999893e-01
9.879999999999999893e-01
9.959999999999999964e-01
9.959999999999999964e-01
9.959999999999999964e-01
9.959999999999999964e-01
9.959999999999999964e-01
1.000000000000000000e+00
