3.400000000000000244e-01
4.560000000000000164e-01
5.400000000000000355e-01
5.639999999999999458e-01
6.039999999999999813e-01
6.400000000000000133e-01
6.640000000000000346e-01
6.879999999999999449e-01
7.079999999999999627e-01
7.239999999999999769e-01
7.520000000000000018e-01
7.560000000000000053e-01
7.800000000000000266e-01
7.880000000000000338e-01
7.920000000000000373e-01
8.040000000000000480e-01
8.040000000000000480e-01
8.199999999999999512e-01
8.279999999999999583e-01
8.439999999999999725e-01
8.439999999999999725e-01
8.519999999999999796e-01
8.559999999999999831e-01
8.559999999999999831e-01
8.639999999999999902e-01
8.679999999999999938e-01
8.760000000000000009e-01
8.760000000000000009e-01
8.880000000000000115e-01
9.000000000000000222e-01
9.000000000000000222e-01
9.120000000000000329e-01
9.120000000000000329e-01
9.200000000000000400e-01
9.240000000000000435e-01
9.240000000000000435e-01
9.240000000000000435e-01
9.240000000000000435e-01
9.240000000000000435e-01
9.240000000000000435e-01
9.280000000000000471e-01
9.320000000000000506e-01
9.360000000000000542e-01
9.399999999999999467e-01
9.399999999999999467e-01
9.399999999999999467e-01
9.399999999999999467e-01
9.399999999999999467e-01
9.399999999999999467e-01
9.399999999999999467e-01
9.439999999999999503e-01
9.439999999999999503e-01
9.439999999999999503e-01
9.439999999999999503e-01
9.479999999999999538e-01
9.479999999999999538e-01
9.519999999999999574e-01
9.519999999999999574e-01
9.559999999999999609e-01
9.559999999999999609e-01
9.559999999999999609e-01
9.559999999999999609e-01
9.559999999999999609e-01
9.559999999999999609e-01
9.559999999999999609e-01
9.599999999999999645e-01
9.599999999999999645e-01
9.639999999999999680e-01
9.679999999999999716e-01
9.679999999999999716e-01
9.719999999999999751e-01
9.719999999999999751e-01
9.759999999999999787e-01
9.759999999999999787e-01
9.759999999999999787e-01
9.759999999999999787e-01
9.799999999999999822e-01
9.839999999999999858e-01
9.879999999999999893e-01
9.879999999999999893e-01
9.919999999999999929e-01
9.959999999999999964e-01
1.000000000000000000e+00
1.000000000000000000e+00
1.000000000000000000e+00
1.000000000000000000e+00
1.000000000000000000e+00
1.000000000000000000e+00
1.000000000000000000e+00
1.000000000000000000e+00
1.000000000000000000e+00
1.000000000000000000e+00
1.000000000000000000e+00
1.000000000000000000e+00
1.000000000000000000e+00
1.000000000000000000e+00
1.000000000000000000e+00
1.000000000000000000e+00
1.000000000000000000e+00
