2.999999999999999889e-01
4.119999999999999774e-01
4.520000000000000129e-01
4.919999999999999929e-01
5.320000000000000284e-01
5.799999999999999600e-01
6.039999999999999813e-01
6.079999999999999849e-01
6.400000000000000133e-01
6.600000000000000311e-01
6.720000000000000417e-01
7.079999999999999627e-01
7.239999999999999769e-01
7.439999999999999947e-01
7.600000000000000089e-01
7.640000000000000124e-01
7.800000000000000266e-01
7.880000000000000338e-01
7.960000000000000409e-01
8.040000000000000480e-01
8.080000000000000515e-01
8.120000000000000551e-01
8.159999999999999476e-01
8.319999999999999618e-01
8.399999999999999689e-01
8.439999999999999725e-01
8.559999999999999831e-01
8.719999999999999973e-01
8.719999999999999973e-01
8.800000000000000044e-01
8.840000000000000080e-01
8.840000000000000080e-01
8.840000000000000080e-01
8.840000000000000080e-01
8.960000000000000187e-01
9.080000000000000293e-01
9.080000000000000293e-01
9.080000000000000293e-01
9.200000000000000400e-01
9.200000000000000400e-01
9.240000000000000435e-01
9.240000000000000435e-01
9.360000000000000542e-01
9.360000000000000542e-01
9.360000000000000542e-01
9.360000000000000542e-01
9.360000000000000542e-01
9.399999999999999467e-01
9.439999999999999503e-01
9.439999999999999503e-01
9.439999999999999503e-01
9.439999999999999503e-01
9.439999999999999503e-01
9.439999999999999503e-01
9.439999999999999503e-01
9.439999999999999503e-01
9.479999999999999538e-01
9.479999999999999538e-01
9.479999999999999538e-01
9.519999999999999574e-01
9.519999999999999574e-01
9.519999999999999574e-01
9.519999999999999574e-01
9.519999999999999574e-01
9.599999999999999645e-01
9.599999999999999645e-01
9.639999999999999680e-01
9.639999999999999680e-01
9.639999999999999680e-01
9.679999999999999716e-01
9.679999999999999716e-01
9.679999999999999716e-01
9.679999999999999716e-01
9.719999999999999751e-01
9.759999999999999787e-01
9.799999999999999822e-01
9.799999999999999822e-01
9.799999999999999822e-01
9.799999999999999822e-01
9.799999999999999822e-01
9.799999999999999822e-01
9.799999999999999822e-01
9.799999999999999822e-01
9.839999999999999858e-01
9.839999999999999858e-01
9.839999999999999858e-01
9.839999999999999858e-01
9.879999999999999893e-01
9.879999999999999893e-01
9.919999999999999929e-01
9.959999999999999964e-01
9.959999999999999964e-01
1.000000000000000000e+00
1.000000000000000000e+00
1.000000000000000000e+00
1.000000000000000000e+00
1.000000000000000000e+00
1.000000000000000000e+00
1.000000000000000000e+00
