3.200000000000000067e-01
4.440000000000000058e-01
5.080000000000000071e-01
5.440000000000000391e-01
5.959999999999999742e-01
6.360000000000000098e-01
6.760000000000000453e-01
6.959999999999999520e-01
7.079999999999999627e-01
7.199999999999999734e-01
7.319999999999999840e-01
7.359999999999999876e-01
7.399999999999999911e-01
7.479999999999999982e-01
7.640000000000000124e-01
7.680000000000000160e-01
7.760000000000000231e-01
7.840000000000000302e-01
7.880000000000000338e-01
8.000000000000000444e-01
8.000000000000000444e-01
8.080000000000000515e-01
8.199999999999999512e-01
8.199999999999999512e-01
8.199999999999999512e-01
8.199999999999999512e-01
8.359999999999999654e-01
8.479999999999999760e-01
8.559999999999999831e-01
8.559999999999999831e-01
8.679999999999999938e-01
8.719999999999999973e-01
8.800000000000000044e-01
8.800000000000000044e-01
8.880000000000000115e-01
8.880000000000000115e-01
8.920000000000000151e-01
8.960000000000000187e-01
9.000000000000000222e-01
9.040000000000000258e-01
9.040000000000000258e-01
9.120000000000000329e-01
9.280000000000000471e-01
9.280000000000000471e-01
9.360000000000000542e-01
9.399999999999999467e-01
9.399999999999999467e-01
9.399999999999999467e-01
9.439999999999999503e-01
9.439999999999999503e-01
9.479999999999999538e-01
9.479999999999999538e-01
9.519999999999999574e-01
9.559999999999999609e-01
9.599999999999999645e-01
9.599999999999999645e-01
9.599999999999999645e-01
9.599999999999999645e-01
9.639999999999999680e-01
9.639999999999999680e-01
9.639999999999999680e-01
9.639999999999999680e-01
9.679999999999999716e-01
9.679999999999999716e-01
9.719999999999999751e-01
9.759999999999999787e-01
9.759999999999999787e-01
9.759999999999999787e-01
9.799999999999999822e-01
9.839999999999999858e-01
9.879999999999999893e-01
9.879999999999999893e-01
9.879999999999999893e-01
9.879999999999999893e-01
9.879999999999999893e-01
9.919999999999999929e-01
9.919999999999999929e-01
9.959999999999999964e-01
1.000000000000000000e+00
1.000000000000000000e+00
1.000000000000000000e+00
1.000000000000000000e+00
1.000000000000000000e+00
1.000000000000000000e+00
1.000000000000000000e+00
1.000000000000000000e+00
1.000000000000000000e+00
1.000000000000000000e+00
1.000000000000000000e+00
1.000000000000000000e+00
1.000000000000000000e+00
1.000000000000000000e+00
1.000000000000000000e+00
1.000000000000000000e+00
1.000000000000000000e+00
1.000000000000000000e+00
1.000000000000000000e+00
1.000000000000000000e+00
1.000000000000000000e+00
