3.119999999999999996e-01
3.920000000000000151e-01
4.680000000000000271e-01
5.080000000000000071e-01
5.440000000000000391e-01
5.799999999999999600e-01
6.159999999999999920e-01
6.320000000000000062e-01
6.400000000000000133e-01
6.520000000000000240e-01
6.680000000000000382e-01
6.959999999999999520e-01
7.039999999999999591e-01
7.119999999999999662e-01
7.319999999999999840e-01
7.359999999999999876e-01
7.439999999999999947e-01
7.720000000000000195e-01
7.880000000000000338e-01
7.960000000000000409e-01
8.080000000000000515e-01
8.080000000000000515e-01
8.239999999999999547e-01
8.239999999999999547e-01
8.239999999999999547e-01
8.319999999999999618e-01
8.319999999999999618e-01
8.399999999999999689e-01
8.399999999999999689e-01
8.479999999999999760e-01
8.519999999999999796e-01
8.519999999999999796e-01
8.519999999999999796e-01
8.559999999999999831e-01
8.599999999999999867e-01
8.599999999999999867e-01
8.599999999999999867e-01
8.639999999999999902e-01
8.639999999999999902e-01
8.639999999999999902e-01
8.639999999999999902e-01
8.800000000000000044e-01
8.840000000000000080e-01
8.840000000000000080e-01
8.960000000000000187e-01
8.960000000000000187e-01
9.040000000000000258e-01
9.040000000000000258e-01
9.080000000000000293e-01
9.080000000000000293e-01
9.160000000000000364e-01
9.160000000000000364e-01
9.200000000000000400e-01
9.240000000000000435e-01
9.240000000000000435e-01
9.240000000000000435e-01
9.240000000000000435e-01
9.240000000000000435e-01
9.320000000000000506e-01
9.320000000000000506e-01
9.320000000000000506e-01
9.320000000000000506e-01
9.320000000000000506e-01
9.399999999999999467e-01
9.439999999999999503e-01
9.439999999999999503e-01
9.519999999999999574e-01
9.559999999999999609e-01
9.599999999999999645e-01
9.599999999999999645e-01
9.599999999999999645e-01
9.599999999999999645e-01
9.639999999999999680e-01
9.679999999999999716e-01
9.679999999999999716e-01
9.719999999999999751e-01
9.759999999999999787e-01
9.759999999999999787e-01
9.799999999999999822e-01
9.799999999999999822e-01
9.799999999999999822e-01
9.799999999999999822e-01
9.799999999999999822e-01
9.839999999999999858e-01
9.839999999999999858e-01
9.879999999999999893e-01
9.879999999999999893e-01
9.919999999999999929e-01
9.959999999999999964e-01
9.959999999999999964e-01
1.000000000000000000e+00
1.000000000000000000e+00
1.000000000000000000e+00
1.000000000000000000e+00
1.000000000000000000e+00
1.000000000000000000e+00
1.000000000000000000e+00
1.000000000000000000e+00
1.000000000000000000e+00
