3.599999999999999867e-01
4.759999999999999787e-01
5.040000000000000036e-01
5.440000000000000391e-01
5.799999999999999600e-01
6.119999999999999885e-01
6.360000000000000098e-01
6.640000000000000346e-01
6.720000000000000417e-01
6.840000000000000524e-01
7.119999999999999662e-01
7.439999999999999947e-01
7.479999999999999982e-01
7.560000000000000053e-01
7.640000000000000124e-01
7.680000000000000160e-01
7.840000000000000302e-01
7.840000000000000302e-01
7.840000000000000302e-01
7.920000000000000373e-01
8.000000000000000444e-01
8.040000000000000480e-01
8.199999999999999512e-01
8.319999999999999618e-01
8.319999999999999618e-01
8.399999999999999689e-01
8.399999999999999689e-01
8.519999999999999796e-01
8.599999999999999867e-01
8.599999999999999867e-01
8.679999999999999938e-01
8.679999999999999938e-01
8.679999999999999938e-01
8.679999999999999938e-01
8.800000000000000044e-01
8.800000000000000044e-01
8.880000000000000115e-01
8.880000000000000115e-01
9.000000000000000222e-01
9.080000000000000293e-01
9.120000000000000329e-01
9.160000000000000364e-01
9.200000000000000400e-01
9.200000000000000400e-01
9.240000000000000435e-01
9.320000000000000506e-01
9.360000000000000542e-01
9.439999999999999503e-01
9.439999999999999503e-01
9.479999999999999538e-01
9.519999999999999574e-01
9.519999999999999574e-01
9.559999999999999609e-01
9.559999999999999609e-01
9.559999999999999609e-01
9.559999999999999609e-01
9.559999999999999609e-01
9.559999999999999609e-01
9.599999999999999645e-01
9.639999999999999680e-01
9.639999999999999680e-01
9.679999999999999716e-01
9.759999999999999787e-01
9.799999999999999822e-01
9.799999999999999822e-01
9.839999999999999858e-01
9.879999999999999893e-01
9.879999999999999893e-01
9.879999999999999893e-01
9.919999999999999929e-01
9.919999999999999929e-01
9.919999999999999929e-01
9.919999999999999929e-01
9.919999999999999929e-01
9.959999999999999964e-01
9.959999999999999964e-01
9.959999999999999964e-01
9.959999999999999964e-01
9.959999999999999964e-01
9.959999999999999964e-01
9.959999999999999964e-01
1.000000000000000000e+00
1.000000000000000000e+00
1.000000000000000000e+00
1.000000000000000000e+00
1.000000000000000000e+00
1.000000000000000000e+00
1.000000000000000000e+00
1.000000000000000000e+00
1.000000000000000000e+00
1.000000000000000000e+00
1.000000000000000000e+00
1.000000000000000000e+00
1.000000000000000000e+00
1.000000000000000000e+00
1.000000000000000000e+00
1.000000000000000000e+00
1.000000000000000000e+00
1.000000000000000000e+00
