3.160000000000000031e-01
4.239999999999999880e-01
4.879999999999999893e-01
5.400000000000000355e-01
5.799999999999999600e-01
6.119999999999999885e-01
6.360000000000000098e-01
6.520000000000000240e-01
6.640000000000000346e-01
6.720000000000000417e-01
6.919999999999999485e-01
7.039999999999999591e-01
7.199999999999999734e-01
7.279999999999999805e-01
7.319999999999999840e-01
7.439999999999999947e-01
7.600000000000000089e-01
7.640000000000000124e-01
7.800000000000000266e-01
7.840000000000000302e-01
7.880000000000000338e-01
7.960000000000000409e-01
8.000000000000000444e-01
8.120000000000000551e-01
8.120000000000000551e-01
8.159999999999999476e-01
8.279999999999999583e-01
8.359999999999999654e-01
8.559999999999999831e-01
8.639999999999999902e-01
8.760000000000000009e-01
8.760000000000000009e-01
8.800000000000000044e-01
8.880000000000000115e-01
8.960000000000000187e-01
9.000000000000000222e-01
9.000000000000000222e-01
9.120000000000000329e-01
9.200000000000000400e-01
9.200000000000000400e-01
9.200000000000000400e-01
9.240000000000000435e-01
9.280000000000000471e-01
9.280000000000000471e-01
9.320000000000000506e-01
9.320000000000000506e-01
9.360000000000000542e-01
9.399999999999999467e-01
9.439999999999999503e-01
9.439999999999999503e-01
9.439999999999999503e-01
9.479999999999999538e-01
9.519999999999999574e-01
9.559999999999999609e-01
9.599999999999999645e-01
9.599999999999999645e-01
9.639999999999999680e-01
9.719999999999999751e-01
9.719999999999999751e-01
9.719999999999999751e-01
9.719999999999999751e-01
9.719999999999999751e-01
9.759999999999999787e-01
9.799999999999999822e-01
9.799999999999999822e-01
9.799999999999999822e-01
9.799999999999999822e-01
9.799999999999999822e-01
9.799999999999999822e-01
9.799999999999999822e-01
9.799999999999999822e-01
9.799999999999999822e-01
9.839999999999999858e-01
9.839999999999999858e-01
9.879999999999999893e-01
9.879999999999999893e-01
9.879999999999999893e-01
9.879999999999999893e-01
9.879999999999999893e-01
9.879999999999999893e-01
9.879999999999999893e-01
9.879999999999999893e-01
9.919999999999999929e-01
9.919999999999999929e-01
9.919999999999999929e-01
9.919999999999999929e-01
9.959999999999999964e-01
1.000000000000000000e+00
1.000000000000000000e+00
1.000000000000000000e+00
1.000000000000000000e+00
1.000000000000000000e+00
1.000000000000000000e+00
1.000000000000000000e+00
1.000000000000000000e+00
1.000000000000000000e+00
1.000000000000000000e+00
1.000000000000000000e+00
1.000000000000000000e+00
