2.760000000000000231e-01
3.760000000000000009e-01
4.480000000000000093e-01
4.959999999999999964e-01
5.240000000000000213e-01
5.520000000000000462e-01
5.919999999999999707e-01
6.199999999999999956e-01
6.360000000000000098e-01
6.640000000000000346e-01
6.800000000000000488e-01
6.840000000000000524e-01
6.959999999999999520e-01
7.079999999999999627e-01
7.199999999999999734e-01
7.359999999999999876e-01
7.520000000000000018e-01
7.640000000000000124e-01
7.760000000000000231e-01
7.760000000000000231e-01
7.880000000000000338e-01
7.960000000000000409e-01
8.040000000000000480e-01
8.159999999999999476e-01
8.239999999999999547e-01
8.279999999999999583e-01
8.359999999999999654e-01
8.359999999999999654e-01
8.479999999999999760e-01
8.519999999999999796e-01
8.559999999999999831e-01
8.559999999999999831e-01
8.599999999999999867e-01
8.599999999999999867e-01
8.599999999999999867e-01
8.719999999999999973e-01
8.840000000000000080e-01
8.880000000000000115e-01
8.880000000000000115e-01
8.880000000000000115e-01
9.000000000000000222e-01
9.000000000000000222e-01
9.080000000000000293e-01
9.080000000000000293e-01
9.120000000000000329e-01
9.160000000000000364e-01
9.160000000000000364e-01
9.240000000000000435e-01
9.280000000000000471e-01
9.280000000000000471e-01
9.360000000000000542e-01
9.360000000000000542e-01
9.399999999999999467e-01
9.399999999999999467e-01
9.439999999999999503e-01
9.479999999999999538e-01
9.479999999999999538e-01
9.479999999999999538e-01
9.519999999999999574e-01
9.559999999999999609e-01
9.559999999999999609e-01
9.559999999999999609e-01
9.599999999999999645e-01
9.639999999999999680e-01
9.639999999999999680e-01
9.639999999999999680e-01
9.639999999999999680e-01
9.639999999999999680e-01
9.679999999999999716e-01
9.719999999999999751e-01
9.719999999999999751e-01
9.759999999999999787e-01
9.759999999999999787e-01
9.759999999999999787e-01
9.799999999999999822e-01
9.799999999999999822e-01
9.839999999999999858e-01
9.839999999999999858e-01
9.839999999999999858e-01
9.879999999999999893e-01
1.000000000000000000e+00
1.000000000000000000e+00
1.000000000000000000e+00
1.000000000000000000e+00
1.000000000000000000e+00
1.000000000000000000e+00
1.000000000000000000e+00
1.000000000000000000e+00
1.000000000000000000e+00
1.000000000000000000e+00
1.000000000000000000e+00
1.000000000000000000e+00
1.000000000000000000e+00
1.000000000000000000e+00
1.000000000000000000e+00
1.000000000000000000e+00
1.000000000000000000e+00
1.000000000000000000e+00
1.000000000000000000e+00
