2.119999999999999940e-01
2.839999999999999747e-01
3.360000000000000209e-01
3.880000000000000115e-01
4.239999999999999880e-01
4.520000000000000129e-01
4.879999999999999893e-01
5.080000000000000071e-01
5.280000000000000249e-01
5.600000000000000533e-01
5.799999999999999600e-01
5.959999999999999742e-01
6.239999999999999991e-01
6.320000000000000062e-01
6.320000000000000062e-01
6.360000000000000098e-01
6.400000000000000133e-01
6.480000000000000204e-01
6.680000000000000382e-01
6.760000000000000453e-01
6.800000000000000488e-01
6.879999999999999449e-01
6.959999999999999520e-01
6.999999999999999556e-01
7.119999999999999662e-01
7.159999999999999698e-01
7.279999999999999805e-01
7.399999999999999911e-01
7.439999999999999947e-01
7.439999999999999947e-01
7.560000000000000053e-01
7.600000000000000089e-01
7.680000000000000160e-01
7.720000000000000195e-01
7.840000000000000302e-01
7.920000000000000373e-01
8.080000000000000515e-01
8.080000000000000515e-01
8.120000000000000551e-01
8.199999999999999512e-01
8.199999999999999512e-01
8.279999999999999583e-01
8.399999999999999689e-01
8.399999999999999689e-01
8.479999999999999760e-01
8.559999999999999831e-01
8.559999999999999831e-01
8.559999999999999831e-01
8.639999999999999902e-01
8.639999999999999902e-01
8.760000000000000009e-01
8.800000000000000044e-01
8.840000000000000080e-01
8.880000000000000115e-01
8.920000000000000151e-01
8.960000000000000187e-01
9.080000000000000293e-01
9.080000000000000293e-01
9.160000000000000364e-01
9.160000000000000364e-01
9.160000000000000364e-01
9.240000000000000435e-01
9.280000000000000471e-01
9.280000000000000471e-01
9.360000000000000542e-01
9.360000000000000542e-01
9.399999999999999467e-01
9.439999999999999503e-01
9.439999999999999503e-01
9.439999999999999503e-01
9.439999999999999503e-01
9.439999999999999503e-01
9.479999999999999538e-01
9.479999999999999538e-01
9.479999999999999538e-01
9.479999999999999538e-01
9.479999999999999538e-01
9.599999999999999645e-01
9.639999999999999680e-01
9.639999999999999680e-01
9.639999999999999680e-01
9.639999999999999680e-01
9.639999999999999680e-01
9.679999999999999716e-01
9.679999999999999716e-01
9.679999999999999716e-01
9.759999999999999787e-01
9.759999999999999787e-01
9.799999999999999822e-01
9.839999999999999858e-01
9.839999999999999858e-01
9.879999999999999893e-01
9.919999999999999929e-01
9.919999999999999929e-01
9.919999999999999929e-01
9.919999999999999929e-01
9.959999999999999964e-01
1.000000000000000000e+00
1.000000000000000000e+00
