2.359999999999999876e-01
2.640000000000000124e-01
3.280000000000000138e-01
3.800000000000000044e-01
4.040000000000000258e-01
4.480000000000000093e-01
4.799999999999999822e-01
4.919999999999999929e-01
5.120000000000000107e-01
5.200000000000000178e-01
5.440000000000000391e-01
5.600000000000000533e-01
5.919999999999999707e-01
6.159999999999999920e-01
6.360000000000000098e-01
6.560000000000000275e-01
6.680000000000000382e-01
6.760000000000000453e-01
6.919999999999999485e-01
7.119999999999999662e-01
7.279999999999999805e-01
7.359999999999999876e-01
7.479999999999999982e-01
7.640000000000000124e-01
7.680000000000000160e-01
7.800000000000000266e-01
7.840000000000000302e-01
7.920000000000000373e-01
8.080000000000000515e-01
8.159999999999999476e-01
8.279999999999999583e-01
8.399999999999999689e-01
8.479999999999999760e-01
8.479999999999999760e-01
8.519999999999999796e-01
8.519999999999999796e-01
8.519999999999999796e-01
8.519999999999999796e-01
8.639999999999999902e-01
8.679999999999999938e-01
8.719999999999999973e-01
8.719999999999999973e-01
8.840000000000000080e-01
8.880000000000000115e-01
8.880000000000000115e-01
8.920000000000000151e-01
8.920000000000000151e-01
9.000000000000000222e-01
9.040000000000000258e-01
9.080000000000000293e-01
9.080000000000000293e-01
9.120000000000000329e-01
9.120000000000000329e-01
9.200000000000000400e-01
9.280000000000000471e-01
9.320000000000000506e-01
9.360000000000000542e-01
9.360000000000000542e-01
9.360000000000000542e-01
9.399999999999999467e-01
9.479999999999999538e-01
9.479999999999999538e-01
9.479999999999999538e-01
9.479999999999999538e-01
9.559999999999999609e-01
9.559999999999999609e-01
9.559999999999999609e-01
9.559999999999999609e-01
9.639999999999999680e-01
9.639999999999999680e-01
9.639999999999999680e-01
9.639999999999999680e-01
9.719999999999999751e-01
9.799999999999999822e-01
9.799999999999999822e-01
9.799999999999999822e-01
9.799999999999999822e-01
9.799999999999999822e-01
9.839999999999999858e-01
9.839999999999999858e-01
9.839999999999999858e-01
9.879999999999999893e-01
9.879999999999999893e-01
9.919999999999999929e-01
9.919999999999999929e-01
9.919999999999999929e-01
9.919999999999999929e-01
9.919999999999999929e-01
1.000000000000000000e+00
1.000000000000000000e+00
1.000000000000000000e+00
1.000000000000000000e+00
1.000000000000000000e+00
1.000000000000000000e+00
1.000000000000000000e+00
1.000000000000000000e+00
1.000000000000000000e+00
1.000000000000000000e+00
1.000000000000000000e+00
