2.800000000000000266e-01
3.559999999999999831e-01
4.199999999999999845e-01
4.799999999999999822e-01
5.120000000000000107e-01
5.440000000000000391e-01
5.799999999999999600e-01
5.959999999999999742e-01
6.079999999999999849e-01
6.239999999999999991e-01
6.600000000000000311e-01
6.640000000000000346e-01
6.720000000000000417e-01
6.840000000000000524e-01
6.919999999999999485e-01
6.999999999999999556e-01
7.239999999999999769e-01
7.279999999999999805e-01
7.520000000000000018e-01
7.720000000000000195e-01
7.800000000000000266e-01
7.920000000000000373e-01
7.960000000000000409e-01
8.120000000000000551e-01
8.239999999999999547e-01
8.279999999999999583e-01
8.279999999999999583e-01
8.319999999999999618e-01
8.359999999999999654e-01
8.479999999999999760e-01
8.519999999999999796e-01
8.559999999999999831e-01
8.559999999999999831e-01
8.599999999999999867e-01
8.760000000000000009e-01
8.760000000000000009e-01
8.840000000000000080e-01
8.920000000000000151e-01
9.000000000000000222e-01
9.040000000000000258e-01
9.040000000000000258e-01
9.120000000000000329e-01
9.160000000000000364e-01
9.160000000000000364e-01
9.200000000000000400e-01
9.200000000000000400e-01
9.280000000000000471e-01
9.280000000000000471e-01
9.280000000000000471e-01
9.280000000000000471e-01
9.280000000000000471e-01
9.360000000000000542e-01
9.360000000000000542e-01
9.360000000000000542e-01
9.360000000000000542e-01
9.399999999999999467e-01
9.439999999999999503e-01
9.479999999999999538e-01
9.559999999999999609e-01
9.559999999999999609e-01
9.559999999999999609e-01
9.559999999999999609e-01
9.559999999999999609e-01
9.559999999999999609e-01
9.639999999999999680e-01
9.679999999999999716e-01
9.679999999999999716e-01
9.759999999999999787e-01
9.759999999999999787e-01
9.759999999999999787e-01
9.759999999999999787e-01
9.799999999999999822e-01
9.799999999999999822e-01
9.799999999999999822e-01
9.839999999999999858e-01
9.839999999999999858e-01
9.839999999999999858e-01
9.919999999999999929e-01
9.919999999999999929e-01
9.959999999999999964e-01
9.959999999999999964e-01
9.959999999999999964e-01
9.959999999999999964e-01
9.959999999999999964e-01
9.959999999999999964e-01
9.959999999999999964e-01
9.959999999999999964e-01
9.959999999999999964e-01
9.959999999999999964e-01
1.000000000000000000e+00
1.000000000000000000e+00
1.000000000000000000e+00
1.000000000000000000e+00
1.000000000000000000e+00
1.000000000000000000e+00
1.000000000000000000e+00
1.000000000000000000e+00
1.000000000000000000e+00
1.000000000000000000e+00
