3.519999999999999796e-01
4.759999999999999787e-01
5.360000000000000320e-01
5.799999999999999600e-01
6.039999999999999813e-01
6.360000000000000098e-01
6.480000000000000204e-01
6.680000000000000382e-01
6.879999999999999449e-01
7.039999999999999591e-01
7.119999999999999662e-01
7.319999999999999840e-01
7.520000000000000018e-01
7.760000000000000231e-01
7.840000000000000302e-01
7.960000000000000409e-01
7.960000000000000409e-01
7.960000000000000409e-01
8.080000000000000515e-01
8.159999999999999476e-01
8.199999999999999512e-01
8.199999999999999512e-01
8.199999999999999512e-01
8.239999999999999547e-01
8.279999999999999583e-01
8.359999999999999654e-01
8.399999999999999689e-01
8.519999999999999796e-01
8.639999999999999902e-01
8.719999999999999973e-01
8.800000000000000044e-01
8.880000000000000115e-01
8.960000000000000187e-01
8.960000000000000187e-01
9.040000000000000258e-01
9.040000000000000258e-01
9.080000000000000293e-01
9.120000000000000329e-01
9.120000000000000329e-01
9.160000000000000364e-01
9.160000000000000364e-01
9.200000000000000400e-01
9.280000000000000471e-01
9.280000000000000471e-01
9.280000000000000471e-01
9.280000000000000471e-01
9.280000000000000471e-01
9.320000000000000506e-01
9.360000000000000542e-01
9.399999999999999467e-01
9.399999999999999467e-01
9.399999999999999467e-01
9.399999999999999467e-01
9.399999999999999467e-01
9.439999999999999503e-01
9.439999999999999503e-01
9.439999999999999503e-01
9.559999999999999609e-01
9.559999999999999609e-01
9.559999999999999609e-01
9.599999999999999645e-01
9.679999999999999716e-01
9.679999999999999716e-01
9.679999999999999716e-01
9.679999999999999716e-01
9.679999999999999716e-01
9.719999999999999751e-01
9.759999999999999787e-01
9.799999999999999822e-01
9.799999999999999822e-01
9.799999999999999822e-01
9.799999999999999822e-01
9.799999999999999822e-01
9.799999999999999822e-01
9.839999999999999858e-01
9.839999999999999858e-01
9.879999999999999893e-01
9.919999999999999929e-01
9.919999999999999929e-01
9.919999999999999929e-01
9.919999999999999929e-01
9.919999999999999929e-01
9.919999999999999929e-01
9.919999999999999929e-01
1.000000000000000000e+00
1.000000000000000000e+00
1.000000000000000000e+00
1.000000000000000000e+00
1.000000000000000000e+00
1.000000000000000000e+00
1.000000000000000000e+00
1.000000000000000000e+00
1.000000000000000000e+00
1.000000000000000000e+00
1.000000000000000000e+00
1.000000000000000000e+00
1.000000000000000000e+00
1.000000000000000000e+00
1.000000000000000000e+00
