3.200000000000000067e-02
7.599999999999999811e-02
8.799999999999999489e-02
1.039999999999999952e-01
1.199999999999999956e-01
1.400000000000000133e-01
1.680000000000000104e-01
1.759999999999999898e-01
1.880000000000000004e-01
1.960000000000000075e-01
2.079999999999999905e-01
2.119999999999999940e-01
2.240000000000000047e-01
2.479999999999999982e-01
2.600000000000000089e-01
2.839999999999999747e-01
2.999999999999999889e-01
3.160000000000000031e-01
3.280000000000000138e-01
3.280000000000000138e-01
3.360000000000000209e-01
3.439999999999999725e-01
3.760000000000000009e-01
3.920000000000000151e-01
4.000000000000000222e-01
4.199999999999999845e-01
4.239999999999999880e-01
4.359999999999999987e-01
4.480000000000000093e-01
4.640000000000000235e-01
4.719999999999999751e-01
4.879999999999999893e-01
5.120000000000000107e-01
5.320000000000000284e-01
5.360000000000000320e-01
5.560000000000000497e-01
5.600000000000000533e-01
5.759999999999999565e-01
5.839999999999999636e-01
6.039999999999999813e-01
6.119999999999999885e-01
6.280000000000000027e-01
6.320000000000000062e-01
6.520000000000000240e-01
6.600000000000000311e-01
6.680000000000000382e-01
6.760000000000000453e-01
6.800000000000000488e-01
6.879999999999999449e-01
6.919999999999999485e-01
6.999999999999999556e-01
7.239999999999999769e-01
7.319999999999999840e-01
7.439999999999999947e-01
7.479999999999999982e-01
7.520000000000000018e-01
7.560000000000000053e-01
7.640000000000000124e-01
7.680000000000000160e-01
7.680000000000000160e-01
7.720000000000000195e-01
7.760000000000000231e-01
7.800000000000000266e-01
7.840000000000000302e-01
7.960000000000000409e-01
7.960000000000000409e-01
8.080000000000000515e-01
8.159999999999999476e-01
8.199999999999999512e-01
8.279999999999999583e-01
8.399999999999999689e-01
8.439999999999999725e-01
8.519999999999999796e-01
8.519999999999999796e-01
8.519999999999999796e-01
8.599999999999999867e-01
8.639999999999999902e-01
8.760000000000000009e-01
9.000000000000000222e-01
9.120000000000000329e-01
9.160000000000000364e-01
9.280000000000000471e-01
9.320000000000000506e-01
9.439999999999999503e-01
9.479999999999999538e-01
9.559999999999999609e-01
9.599999999999999645e-01
9.599999999999999645e-01
9.639999999999999680e-01
9.639999999999999680e-01
9.799999999999999822e-01
9.799999999999999822e-01
9.879999999999999893e-01
9.879999999999999893e-01
9.879999999999999893e-01
9.919999999999999929e-01
9.959999999999999964e-01
9.959999999999999964e-01
1.000000000000000000e+00
