4.000000000000000083e-03
8.000000000000000167e-03
1.200000000000000025e-02
2.000000000000000042e-02
3.200000000000000067e-02
5.600000000000000117e-02
5.999999999999999778e-02
6.400000000000000133e-02
6.800000000000000488e-02
7.199999999999999456e-02
8.400000000000000522e-02
8.799999999999999489e-02
9.600000000000000200e-02
1.160000000000000059e-01
1.199999999999999956e-01
1.199999999999999956e-01
1.280000000000000027e-01
1.320000000000000062e-01
1.439999999999999891e-01
1.559999999999999998e-01
1.680000000000000104e-01
1.759999999999999898e-01
1.839999999999999969e-01
1.960000000000000075e-01
2.079999999999999905e-01
2.119999999999999940e-01
2.359999999999999876e-01
2.439999999999999947e-01
2.479999999999999982e-01
2.640000000000000124e-01
2.760000000000000231e-01
2.879999999999999782e-01
3.200000000000000067e-01
3.439999999999999725e-01
3.479999999999999760e-01
3.599999999999999867e-01
3.639999999999999902e-01
3.760000000000000009e-01
3.840000000000000080e-01
3.960000000000000187e-01
3.960000000000000187e-01
4.040000000000000258e-01
4.159999999999999809e-01
4.319999999999999951e-01
4.359999999999999987e-01
4.440000000000000058e-01
4.520000000000000129e-01
4.600000000000000200e-01
4.680000000000000271e-01
4.839999999999999858e-01
4.919999999999999929e-01
5.000000000000000000e-01
5.000000000000000000e-01
5.240000000000000213e-01
5.320000000000000284e-01
5.440000000000000391e-01
5.480000000000000426e-01
5.480000000000000426e-01
5.639999999999999458e-01
5.799999999999999600e-01
5.959999999999999742e-01
6.079999999999999849e-01
6.280000000000000027e-01
6.320000000000000062e-01
6.480000000000000204e-01
6.560000000000000275e-01
6.720000000000000417e-01
6.760000000000000453e-01
6.800000000000000488e-01
6.919999999999999485e-01
6.999999999999999556e-01
7.119999999999999662e-01
7.319999999999999840e-01
7.439999999999999947e-01
7.560000000000000053e-01
7.640000000000000124e-01
7.880000000000000338e-01
7.920000000000000373e-01
8.120000000000000551e-01
8.279999999999999583e-01
8.439999999999999725e-01
8.559999999999999831e-01
8.559999999999999831e-01
8.599999999999999867e-01
8.599999999999999867e-01
8.599999999999999867e-01
8.679999999999999938e-01
8.800000000000000044e-01
8.840000000000000080e-01
8.920000000000000151e-01
9.000000000000000222e-01
9.200000000000000400e-01
9.280000000000000471e-01
9.439999999999999503e-01
9.439999999999999503e-01
9.559999999999999609e-01
9.719999999999999751e-01
9.799999999999999822e-01
9.879999999999999893e-01
