5.999999999999999778e-02
1.199999999999999956e-01
1.680000000000000104e-01
1.920000000000000040e-01
2.439999999999999947e-01
2.919999999999999818e-01
3.320000000000000173e-01
3.439999999999999725e-01
3.639999999999999902e-01
3.840000000000000080e-01
4.119999999999999774e-01
4.400000000000000022e-01
4.480000000000000093e-01
4.640000000000000235e-01
4.759999999999999787e-01
4.919999999999999929e-01
5.080000000000000071e-01
5.200000000000000178e-01
5.200000000000000178e-01
5.200000000000000178e-01
5.280000000000000249e-01
5.400000000000000355e-01
5.600000000000000533e-01
5.679999999999999494e-01
5.759999999999999565e-01
5.879999999999999671e-01
5.919999999999999707e-01
6.199999999999999956e-01
6.239999999999999991e-01
6.360000000000000098e-01
6.560000000000000275e-01
6.720000000000000417e-01
6.760000000000000453e-01
6.800000000000000488e-01
6.840000000000000524e-01
6.999999999999999556e-01
6.999999999999999556e-01
7.079999999999999627e-01
7.119999999999999662e-01
7.279999999999999805e-01
7.439999999999999947e-01
7.520000000000000018e-01
7.600000000000000089e-01
7.720000000000000195e-01
7.720000000000000195e-01
7.920000000000000373e-01
7.960000000000000409e-01
8.000000000000000444e-01
8.080000000000000515e-01
8.159999999999999476e-01
8.159999999999999476e-01
8.239999999999999547e-01
8.279999999999999583e-01
8.279999999999999583e-01
8.319999999999999618e-01
8.439999999999999725e-01
8.519999999999999796e-01
8.559999999999999831e-01
8.599999999999999867e-01
8.639999999999999902e-01
8.719999999999999973e-01
8.719999999999999973e-01
8.719999999999999973e-01
8.760000000000000009e-01
8.760000000000000009e-01
8.800000000000000044e-01
8.920000000000000151e-01
9.040000000000000258e-01
9.080000000000000293e-01
9.080000000000000293e-01
9.120000000000000329e-01
9.160000000000000364e-01
9.200000000000000400e-01
9.240000000000000435e-01
9.240000000000000435e-01
9.360000000000000542e-01
9.399999999999999467e-01
9.439999999999999503e-01
9.479999999999999538e-01
9.519999999999999574e-01
9.599999999999999645e-01
9.599999999999999645e-01
9.679999999999999716e-01
9.719999999999999751e-01
9.719999999999999751e-01
9.719999999999999751e-01
9.719999999999999751e-01
9.719999999999999751e-01
9.719999999999999751e-01
9.759999999999999787e-01
9.759999999999999787e-01
9.759999999999999787e-01
9.759999999999999787e-01
9.799999999999999822e-01
9.839999999999999858e-01
9.879999999999999893e-01
9.879999999999999893e-01
1.000000000000000000e+00
1.000000000000000000e+00
